120	0.002532478092586549
130	0.002230740552074685
140	0.001983524394493312
150	0.0024892871444148414
160	0.0022472455050068212
170	0.0023329857538955633
180	0.0023972877156141085
190	0.002689389340899652
200	0.0024793990416136303
210	0.0022948916435756314
220	0.0025193658741581
230	0.0021673606743413346
240	0.002194814346908342
250	0.0025320658149564257
260	0.0020820245152697063
270	0.001961135692475098
280	0.001983524394493312
290	0.0021263778166244747
300	0.0018965997290779743
310	0.00202561845275365
320	0.0020332221235776
330	0.0020383550957921008
340	0.00252740123338686
350	0.0023210663698755934
360	0.002308499281702474
370	0.0025504559543291397
380	0.002526396047511794
390	0.0024244959040365622
400	0.0023291324330309855
410	0.0021674885868523254
420	0.002225349472558188
430	0.0022108801015520312
440	0.0021963702492660358
450	0.0021195153992510933
460	0.002107156211165186
470	0.0021529146894465148
480	0.002025982474069239
490	0.002124245469073891
500	0.0020045521035071704
510	0.0020448563013527807
520	0.0021315965275380323
530	0.002116301703631651
540	0.0022412979342572546
550	0.0021770536724927333
560	0.002027602714370941
570	0.0020143714385451243
580	0.002042990451266652
590	0.0019883807342119786
600	0.0019361122234337654
610	0.002001520317506955
620	0.0020256184527536495
630	0.0021577554092463915
640	0.0021045632507206737
650	0.002436328535744329
660	0.002242190605371311
670	0.0023220707799274866
680	0.002300583173980347
690	0.0023746079057870052
700	0.0023520139214739345
710	0.0023602447490089387
720	0.0023380954263396854
730	0.002519184014798883
740	0.0022954103588962256
750	0.002247091356050651
760	0.002526396047511794
770	0.002288331258963286
780	0.002268076813453558
790	0.0023760340922879025
800	0.0023040879982672113
810	0.0022346098228118857
820	0.002215654999893488
830	0.0021971192818751113
840	0.0022717109199031503
850	0.0022749971338051466
860	0.0022555443460278296
870	0.002302297879634917
880	0.002174837207606565
890	0.0021362339522555786
900	0.0021818540874643604
Ignoring ratios before cross over point: 12
Sorted ratios are: 0.0018965997290779743, 0.0019361122234337654, 0.001961135692475098, 0.001983524394493312, 0.001983524394493312, 0.0019883807342119786, 0.002001520317506955, 0.0020045521035071704, 0.0020143714385451243, 0.0020256184527536495, 0.00202561845275365, 0.002025982474069239, 0.002027602714370941, 0.0020332221235776, 0.0020383550957921008, 0.002042990451266652, 0.0020448563013527807, 0.0020820245152697063, 0.0021045632507206737, 0.002107156211165186, 0.002116301703631651, 0.0021195153992510933, 0.002124245469073891, 0.0021263778166244747, 0.0021315965275380323, 0.0021362339522555786, 0.0021529146894465148, 0.0021577554092463915, 0.0021673606743413346, 0.0021674885868523254, 0.002174837207606565, 0.0021770536724927333, 0.0021818540874643604, 0.002194814346908342, 0.0021963702492660358, 0.0021971192818751113, 0.0022108801015520312, 0.002215654999893488, 0.002225349472558188, 0.002230740552074685, 0.0022346098228118857, 0.0022412979342572546, 0.002242190605371311, 0.002247091356050651, 0.0022472455050068212, 0.0022555443460278296, 0.002268076813453558, 0.0022717109199031503, 0.0022749971338051466, 0.002288331258963286, 0.0022948916435756314, 0.0022954103588962256, 0.002300583173980347, 0.002302297879634917, 0.0023040879982672113, 0.002308499281702474, 0.0023210663698755934, 0.0023220707799274866, 0.0023291324330309855, 0.0023329857538955633, 0.0023380954263396854, 0.0023520139214739345, 0.0023602447490089387, 0.0023746079057870052, 0.0023760340922879025, 0.0023972877156141085, 0.0024244959040365622, 0.002436328535744329, 0.0024793990416136303, 0.0024892871444148414, 0.002519184014798883, 0.0025193658741581, 0.002526396047511794, 0.002526396047511794, 0.00252740123338686, 0.0025320658149564257, 0.002532478092586549, 0.0025504559543291397, 0.002689389340899652, 
Maximum ratio is: 0.002689389340899652
Average ratio is: 0.0022324711834897123